77      77      77      77      77      77      77      77      45      95      95      95      95      95      95      95      164     164     164     164     164     164     164     164     163     163     163     163     163     163     163     163     102     102     102     102     102     102     102     102     

77      77      77      77      77      77      77      77      0       95      95      95      95      95      95      95      164     164     164     164     164     164     164     164     163     163     163     163     163     163     163     163     102     102     102     102     102     102     102     102     

66      66      66      66      66      66      66      66      41.5746  96      96      96      96      96      96      96      165     165     165     165     165     165     165     165     165     165     165     165     165     165     165     165     110     110     110     110     110     110     110     110     

66      66      66      66      66      66      66      66      0       96      96      96      96      96      96      96      165     165     165     165     165     165     165     165     165     165     165     165     165     165     165     165     110     110     110     110     110     110     110     110     

66      66      66      66      66      66      66      66      31.8198  96      96      96      96      96      96      96      165     165     165     165     165     165     165     165     165     165     165     165     165     165     165     165     110     110     110     110     110     110     110     110     

66      66      66      66      66      66      66      66      0       96      96      96      96      96      96      96      165     165     165     165     165     165     165     165     165     165     165     165     165     165     165     165     110     110     110     110     110     110     110     110     

66      66      66      66      66      66      66      66      17.2208  96      96      96      96      96      96      96      165     165     165     165     165     165     165     165     165     165     165     165     165     165     165     165     110     110     110     110     110     110     110     110     

66      66      66      66      66      66      66      66      0       96      96      96      96      96      96      96      165     165     165     165     165     165     165     165     165     165     165     165     165     165     165     165     110     110     110     110     110     110     110     110     

66      66      66      66      66      66      66      66      96      96      96      96      96      96      96      96      165     165     165     165     165     165     165     165     165     165     165     165     165     165     165     165     110     110     110     110     110     110     110     110     

66      66      66      66      66      66      66      66      96      96      96      96      96      96      96      96      165     165     165     165     165     165     165     165     165     165     165     165     165     165     165     165     110     110     110     110     110     110     110     110     

60      60      60      60      60      60      60      60      103     103     103     103     103     103     103     103     161     161     161     161     161     161     161     161     163     163     163     163     163     163     163     163     98      98      98      98      98      98      98      98      

60      60      60      60      60      60      60      60      103     103     103     103     103     103     103     103     161     161     161     161     161     161     161     161     163     163     163     163     163     163     163     163     98      98      98      98      98      98      98      98      

60      60      60      60      60      60      60      60      103     103     103     103     103     103     103     103     161     161     161     161     161     161     161     161     163     163     163     163     163     163     163     163     98      98      98      98      98      98      98      98      

60      60      60      60      60      60      60      60      103     103     103     103     103     103     103     103     161     161     161     161     161     161     161     161     163     163     163     163     163     163     163     163     98      98      98      98      98      98      98      98      

60      60      60      60      60      60      60      60      103     103     103     103     103     103     103     103     161     161     161     161     161     161     161     161     163     163     163     163     163     163     163     163     98      98      98      98      98      98      98      98      

60      60      60      60      60      60      60      60      103     103     103     103     103     103     103     103     161     161     161     161     161     161     161     161     163     163     163     163     163     163     163     163     98      98      98      98      98      98      98      98      

60      60      60      60      60      60      60      60      103     103     103     103     103     103     103     103     161     161     161     161     161     161     161     161     163     163     163     163     163     163     163     163     98      98      98      98      98      98      98      98      

60      60      60      60      60      60      60      60      103     103     103     103     103     103     103     103     161     161     161     161     161     161     161     161     163     163     163     163     163     163     163     163     98      98      98      98      98      98      98      98      

67      67      67      67      67      67      67      67      84      84      84      84      84      84      84      84      159     159     159     159     159     159     159     159     163     163     163     163     163     163     163     163     111     111     111     111     111     111     111     111     

0       0       0       3       0       2       0       0       2       0       0       0       0       0       1       5       0       1       5       2       1       1       7       0       2       0       0       0       0       0       1       0       7       0       0       0       0       5       1       0       

3.81913e-321  7       0       0       0       0       1       2       1       4       2       0       0       6       0       0       0       2       1       0       2       0       0       0       3       0       2       3       1       0       3       7       0       0       0       0       0       0       0       0       

0       0       0       1       0       0       0       0       0       0       0       0       1       0       3       2       4       0       0       0       0       2       1       0       0       2       0       0       2       0       0       2       0       1       5       1       0       4       0       0       

6.35862e-321  2       0       2       1       0       0       0       0       0       44      0       0       0       0       0       0       0       0       0       0       0       0       0       0       145     0       7       0       0       0       0       0       0       20      21      9       6       4       0       

11      0       0       2       2       0       0       1       4       0       3       0       0       2       4       0       0       0       0       0       0       1       3       0       4       6       0       1       3       0       0       0       0       4       3       0       0       0       0       0       

8.89812e-321  0       0       0       2       0       0       1       1       0       7       0       0       2       0       3       0       8       2       2       0       0       1       0       0       5       0       4       0       0       0       7       4       5       0       4       2       0       0       0       

1       3       0       0       0       0       3       0       0       4       5       3       0       0       1       0       0       0       0       0       1       0       0       4       0       1       0       0       0       0       0       0       2       3       0       0       4       3       0       0       

0       0       3       1       0       0       0       0       0       0       0       0       0       0       0       2       0       1       0       1       0       5       0       1       0       1       0       0       0       4       0       0       7       0       0       6       0       0       5       0       

3       1       3       2       1       0       1       0       0       0       0       6       0       0       0       3       11      3       2       0       1       0       0       0       0       5       0       0       0       1       0       0       0       0       0       0       0       0       2       0       

1.39771e-320  3       0       0       0       2       0       0       0       2       0       0       2       2       3       0       3       4       0       0       0       0       5       0       0       0       0       1       1       0       0       0       2       1       0       1       0       0       0       0       

1.52469e-320  0       0       0       2       0       0       0       0       0       0       0       0       5       0       0       0       0       0       3       0       0       1       3       0       4       3       1       0       0       0       1       2       0       0       5       0       2       0       0       

1.65166e-320  2       1       0       0       1       1       1       0       0       44      0       3       0       4       1       0       0       0       0       0       0       0       0       0       128     0       18      0       9       0       0       0       0       30      25      14      6       4       0       

0       2       2       0       2       0       1       0       0       0       11      2       0       0       4       0       2       0       0       4       0       1       0       1       0       8       5       0       0       0       1       0       7       5       0       0       0       3       9       4       

1.90561e-320  3       2       1       6       0       1       0       0       3       0       0       0       1       1       0       0       4       0       0       0       0       2       0       0       5       0       0       4       0       3       0       0       0       2       0       0       0       0       0       

2.03259e-320  0       0       2       4       0       0       0       2       0       0       0       5       0       0       0       2       2       0       0       6       0       0       0       0       4       3       0       0       2       5       0       1       0       0       1       0       1       6       6       

1       0       2       0       0       8       3       0       0       1       0       0       3       2       0       0       0       2       0       0       0       1       0       0       5       0       0       0       0       0       4       0       0       8       0       3       0       0       0       2       

0       2       2       4       0       1       5       2       2       2       0       0       4       4       0       0       0       1       2       0       1       0       4       0       0       9       2       1       0       3       0       1       3       0       0       0       5       0       0       0       

0       2       1       1       0       0       2       0       6       0       0       0       0       1       4       0       9       1       0       2       5       0       2       0       1       0       0       0       0       3       0       2       0       0       0       0       0       0       0       1       

2       2       0       1       0       1       0       7       2       0       0       0       0       1       1       2       0       3       0       0       0       3       0       3       0       0       2       0       0       5       0       3       0       2       0       4       5       3       2       0       

2.66746e-320  6       0       0       4       0       3       1       0       0       33      0       0       0       10      0       0       0       0       0       0       0       0       0       0       130     0       14      0       11      0       3       0       0       33      29      14      9       0       0       

0       0       3       1       0       0       4       0       3       6       0       1       3       5       0       6       8       0       3       0       5       1       2       0       0       1       0       3       1       0       0       2       0       4       3       0       2       1       0       9       

