0       11      -7      -5      2       -2      0       0       0       0       2       -5      1       0       -1      -7      0       -36     -3      0       1       2       -8      0       0       119     -30     12      -14     16      8       -11     0       -29     10      5       15      4       -9      -6      
21      6       -8      5       0       -9      6       -6      11      -2      4       -2      -6      -7      -8      1       -2      -11     4       0       -2      -4      -1      1       22      -9      0       10      -5      -2      9       -7      15      -11     -8      2       -3      -5      -9      -3      
0       2       0       0       0       2       0       -1      0       -1      7       4       0       -3      -1      -4      -1      9       0       -4      -1      -8      0       0       2       -5      1       0       -4      -1      1       -5      4       3       -4      1       0       5       2       -5      
-5      -3      -5      3       -5      -2      1       2       0       0       -5      0       -1      7       2       3       -1      -3      -1      4       1       0       4       -2      -2      1       0       -1      0       0       -3      6       0       -1      -1      -2      0       0       0       3       
-5      3       0       -3      2       5       -2      4       -7      5       -2      -2      7       -7      3       0       3       0       0       0       1       0       4       -2      -4      2       4       0       4       0       -2      2       -1      2       4       -1      -2      -2      0       7       
2       3       1       2       0       6       -2      -3      -3      3       -1      -3      -3      -1      4       -1      -2      -1      1       0       3       -1      -2      -1      -2      2       -4      3       -3      -3      7       -4      0       -2      0       -3      3       2       4       -2      
-1      -5      1       2       0       -1      2       2       1       -2      3       3       6       0       -4      2       -2      -1      3       -5      4       -4      -1      -1      0       -4      0       -4      1       -3      0       0       0       0       0       5       4       -6      -4      0       
-2      -2      -7      1       1       1       2       1       4       0       0       -4      -3      0       -4      -4      3       -1      1       1       0       0       2       0       -2      0       -4      -1      -1      -4      3       -4      -1      -1      1       -3      -3      5       1       -9      
0       0       -1      -4      3       2       -3      3       0       -14     17      -7      3       -2      5       0       0       12      -4      -1      -6      3       0       0       0       107     -36     5       -5      6       0       2       0       -22     17      17      7       1       2       -1      
-9      1       2       -3      6       -1      1       1       -19     3       0       -9      4       -2      2       0       9       -6      0       -3      -6      -6      2       2       5       -3      6       2       1       5       0       -4      7       8       -2      0       -1      2       0       0       
-2      6       0       1       -4      -1      3       -1      0       -8      -1      0       2       -4      4       5       -1      3       0       -1      -2      0       -5      -3      -5      9       3       2       -6      4       0       -5      0       -5      -2      -1      0       0       1       0       
-9      -3      -2      -2      -1      -2      -4      2       -6      -5      1       -3      -6      1       1       2       4       1       -3      -4      0       3       3       3       -4      10      -4      4       -4      0       -1      0       -6      -4      -1      1       2       2       0       1       
3       0       2       -2      6       0       -5      2       -4      0       -5      -1      -5      0       0       5       5       -8      0       1       2       1       1       3       7       -7      2       -1      0       0       1       0       5       3       -5      0       0       5       0       -6      
0       3       0       0       -1      7       -4      1       -2      -2      1       -3      5       0       5       2       -2      -2      -2      -3      5       -1      4       0       -2      -7      7       3       -3      -4      3       0       -6      2       5       3       0       0       -3      2       
2       -9      0       -3      0       0       0       2       -8      -4      -1      0       -2      -5      0       2       1       2       -3      -6      -2      1       0       0       8       -3      0       -3      -1      0       0       -6      1       -4      8       4       3       -3      -1      -6      
5       1       -1      3       -4      5       3       -3      2       -3      1       3       0       3       0       3       -3      -2      -5      0       3       1       0       -3      -2      0       4       -4      0       1       -1      0       0       2       5       0       0       0       0       1       
0       1       12      0       6       2       2       6       0       11      -4      3       -1      0       9       0       0       12      2       -5      1       3       -4      2       0       120     -35     17      -15     3       1       6       0       -31     16      15      4       6       -4      -3      
-11     0       -1      1       0       0       -6      6       12      -18     0       1       3       -4      -7      0       2       8       4       3       -4      -5      2       -8      0       -3      1       -1      0       -2      -4      4       3       4       -2      1       4       -7      0       5       
-4      -1      0       -6      1       1       0       5       -8      0       3       5       -4      -1      0       -3      1       0       -5      1       4       -3      6       3       7       -2      -9      1       4       8       -3      -1      2       3       1       -6      2       -1      3       1       
-6      0       -1      -2      0       -1      -1      -2      1       0       -1      0       0       -8      7       -5      7       0       0       -1      1       2       -4      3       0       2       -4      2       1       -1      -2      3       4       0       -1      6       -2      5       -6      -5      
0       3       0       0       0       -1      1       4       -5      -4      -5      2       -4      0       -2      -1      3       -3      -3      0       -4      -2      3       0       9       -3      -1      1       0       0       0       -6      -4      -1      3       -1      3       0       -1      2       
0       0       3       -3      5       -2      0       3       6       -1      5       2       -1      -1      0       0       -6      4       0       -6      5       0       -5      -2      2       -4      -3      -4      -1      0       0       -2      0       5       0       2       -1      -3      0       6       
0       0       0       -4      -1      1       0       0       -2      8       0       -2      0       -1      5       0       -2      3       3       -1      -2      7       4       -4      2       -2      -3      5       -1      3       -2      0       -1      4       2       4       -3      -5      -4      -5      
2       5       -2      6       -3      3       0       -2      5       6       7       4       2       0       -6      1       -4      3       3       -1      -3      0       0       -1      0       0       0       -4      2       0       -5      5       4       -2      -2      2       0       -1      -4      4       
0       -14     -5      6       -3      3       -2      0       0       46      53      -6      10      0       5       0       0       -28     -20     -4      0       0       0       0       0       127     -40     11      -11     11      -5      0       0       -33     9       12      13      7       -3      2       
1       -17     22      -1      -2      -2      1       -4      73      11      -27     0       0       2       4       1       -7      -1      -3      -1      0       0       1       5       7       -2      0       0       6       -1      -3      0       14      0       0       -3      -2      7       2       -1      
2       10      0       -2      1       2       1       0       -5      -8      10      0       0       3       2       -2      7       8       0       -3      -1      3       -4      6       3       -2      0       0       0       -3      -3      2       2       5       -7      -2      2       -5      -3      -1      
0       -3      5       -2      0       -1      0       1       6       2       2       0       6       0       6       1       3       2       -1      0       0       2       6       0       1       1       0       2       -1      2       -6      1       -6      0       -2      1       0       0       4       -5      
-2      2       1       0       4       8       -1      -1      -8      -4      4       1       3       0       0       -5      -2      2       0       2       0       -1      -1      -2      3       0       -1      -1      1       -1      3       -4      -2      0       5       -1      -2      0       -3      0       
2       -1      1       -3      -2      1       1       3       0       7       0       -1      -3      1       -7      0       2       5       -2      6       0       -3      -3      -3      0       -5      0       0       -2      0       0       -2      15      5       2       0       2       -4      -1      5       
-4      -2      1       7       -2      9       1       -4      2       0       -1      0       -2      4       0       2       -3      6       -6      2       2       2       3       4       -7      -2      9       7       -1      -4      3       5       -6      2       5       1       0       2       -5      -5      
1       -1      1       0       -4      2       1       1       0       -3      0       4       -2      -1      0       7       0       -2      -2      -5      1       3       6       4       6       -6      0       -2      1       4       0       -4      1       3       0       5       4       2       -3      -1      
0       102     -34     10      -1      7       0       11      0       -100    96      19      1       -1      6       -1      0       -24     -21     -12     -4      -5      -5      1       0       119     -29     18      -15     1       -2      0       0       -43     21      18      15      6       -4      -1      
51      -45     4       -9      2       -3      0       0       34      46      37      4       0       2       2       -1      -2      6       3       -3      0       -5      -2      0       12      4       -2      -9      -2      2       2       1       -2      3       6       3       -1      -2      -1      -9      
-15     6       -7      2       -9      2       5       -3      18      15      -1      -13     -13     -4      -1      -4      -2      -1      -3      0       -3      8       0       2       1       -6      0       7       2       -5      -3      0       5       3       3       -2      0       4       4       5       
8       0       -1      1       2       0       3       -2      2       -1      -8      -3      2       -5      2       6       3       11      1       4       1       -1      2       0       8       1       -15     0       -2      4       3       1       0       5       3       -4      -3      -4      2       0       
0       3       1       -3      0       -1      -1      0       0       2       -3      -1      -6      5       2       0       0       -8      0       -1      6       3       3       7       8       3       -8      -2      4       0       2       -9      -5      -2      2       1       -3      -2      0       5       
1       0       2       0       1       -1      0       5       -2      6       5       0       0       3       -2      -5      -3      -1      5       -7      0       -5      0       -3      -2      2       -2      5       -2      3       -2      0       5       1       3       -3      -5      8       -6      2       
-6      0       0       -3      2       3       -4      1       2       0       0       0       0       -4      2       0       -2      -2      -4      0       0       1       -2      -1      3       1       3       -4      0       0       1       4       0       1       2       -1      0       2       2       0       
0       0       -2      1       -1      -1      -1      5       0       6       2       1       1       -1      0       -4      2       1       2       4       1       -3      0       0       0       0       -4      -3      1       0       -6      -2      0       -1      0       -1      -1      0       0       -4      
